73 11111111 155
68 111111101 78
56 111111100 78
75 1111110111 39
38 1111110110 40
79 111111010 83
84 11111100 166
98 111110 644
109 11110 1308
115 1110 2744
114 1101 2960
111 1100 2992
62 101111111111 10
164 101111111110111 1
195 101111111110110 1
126 10111111111010 3
125 1011111111100 6
86 10111111110 21
61 1011111110 42
51 101111110 88
50 10111110 176
48 10111101 179
83 10111100 179
40 10111011 185
113 1011101011 45
9 1011101010 47
85 1011101001 47
94 1011101000 47
41 10111001 186
120 10111000 189
100 10110 1555
99 10101 1579
45 10100111 192
76 101001101 96
69 1010011001 48
106 1010011000 49
118 1010010 406
121 101000 792
110 1001 3181
105 1000 3254
70 0111111111 50
148 01111111101111 3
203 011111111011101 1
89 011111111011100 2
33 01111111101101 3
37 01111111101100 3
147 011111111010 13
39 01111111100 26
58 011111110 103
57 01111110 205
10 0111110 422
119 0111101 424
59 0111100111 52
55 0111100110 53
82 011110010 106
54 0111100011 54
88 01111000101 28
35 0111100010011 7
92 0111100010010 7
124 0111100010001 8
63 01111000100001 4
81 01111000100000 4
122 0111100001 58
47 0111100000 59
108 01110 1776
97 0110 3533
116 0101 3573
102 010011 892
103 010010 930
67 0100011 474
65 010001011 119
43 0100010101 60
53 0100010100 61
87 01000100111 30
128 010001001101 16
60 0100010011001 8
90 0100010011000111 1
136 0100010011000110 1
144 0100010011000101 1
146 0100010011000100 1
123 01000100110000 5
52 0100010010 63
34 010001000 127
112 010000 1146
32 001 8442
80 000111111 133
71 00011111011 34
95 00011111010 35
66 0001111100 72
49 00011110 282
107 000111011 143
226 000111010111 17
42 000111010110 19
72 00011101010 37
91 0001110100 73
93 0001110011 73
74 0001110010 77
78 0001110001 77
77 0001110000 77
46 0001101 599
44 0001100 617
117 000101 1249
104 000100 1281
101 0000 5106
